1991	1	59.9 
1991	2	55.8 
1991	3	50.5 
1991	4	48.3 
1991	5	48.1 
1991	6	47.8 
1991	7	42.9 
1991	8	48.1 
1991	9	50.6 
1991	10	54.7 
1991	11	56.9 
1991	12	57.7 
1992	1	62.0 
1992	2	58.1 
1992	3	53.5 
1992	4	54.6 
1992	5	51.7 
1992	6	53.3 
1992	7	47.6 
1992	8	51.2 
1992	9	54.2 
1992	10	56.7 
1992	11	55.4 
1992	12	56.8 
1993	1	61.4 
1993	2	59.3 
1993	3	59.2 
1993	4	59.8 
1993	5	51.1 
1993	6	50.6 
1993	7	45.7 
1993	8	52.3 
1993	9	52.6 
1993	10	57.7 
1993	11	60.3 
1993	12	61.3 
1994	1	63.3 
1994	2	58.3 
1994	3	64.2 
1994	4	61.1 
1994	5	51.8 
1994	6	56.4 
1994	7	49.5 
1994	8	55.9 
1994	9	57.7 
1994	10	58.7 
1994	11	58.5 
1994	12	61.6 
1995	1	68.4 
1995	2	68.4 
1995	3	71.7 
1995	4	62.0 
1995	5	58.8 
1995	6	60.8 
1995	7	53.6 
1995	8	59.0 
1995	9	60.7 
1995	10	62.1 
1995	11	65.5 
1995	12	70.0 
1996	1	72.8 
1996	2	64.2 
1996	3	69.8 
1996	4	69.2 
1996	5	60.0 
1996	6	59.8 
1996	7	59.5 
1996	8	62.5 
1996	9	66.4 
1996	10	68.1 
1996	11	66.3 
1996	12	67.4 
1997	1	71.7 
1997	2	68.5 
1997	3	67.1 
1997	4	70.6 
1997	5	63.5 
1997	6	62.0 
1997	7	58.4 
1997	8	62.8 
1997	9	66.4 
1997	10	64.9 
1997	11	63.0 
1997	12	72.9 
1998	1	82.6 
1998	2	70.6 
1998	3	73.7 
1998	4	75.5 
1998	5	66.7 
1998	6	63.9 
1998	7	60.2 
1998	8	69.1 
1998	9	71.2 
1998	10	72.1 
1998	11	73.4 
1998	12	77.6 
1999	1	77.0 
1999	2	75.8 
1999	3	80.2 
1999	4	76.4 
1999	5	77.2 
1999	6	76.8 
1999	7	64.4 
1999	8	73.5 
1999	9	68.9 
1999	10	76.5 
1999	11	76.3 
1999	12	81.9 
2000	1	89.6 
2000	2	80.0 
2000	3	82.8 
2000	4	73.9 
2000	5	70.7 
2000	6	71.6 
2000	7	64.4 
2000	8	74.6 
2000	9	66.4 
2000	10	71.8 
2000	11	73.9 
2000	12	82.3 
2001	1	94.1 
2001	2	74.4 
2001	3	82.9 
2001	4	71.8 
2001	5	76.9 
2001	6	73.8 
2001	7	67.7 
2001	8	73.4 
2001	9	65.8 
2001	10	74.9 
2001	11	73.5 
2001	12	73.5 
2002	1	83.1 
2002	2	77.0 
2002	3	74.1 
2002	4	78.5 
2002	5	81.3 
2002	6	67.9 
2002	7	82.1 
2002	8	67.8 
2002	9	72.6 
2002	10	75.3 
2002	11	71.2 
2002	12	74.7 
2003	1	86.2 
2003	2	85.6 
2003	3	80.4 
2003	4	77.7 
2003	5	78.4 
2003	6	74.1 
2003	7	105.2 
2003	8	82.5 
2003	9	87.4 
2003	10	79.8 
2003	11	71.5 
2003	12	79.5 
2004	1	83.8 
2004	2	76.7 
2004	3	88.9 
2004	4	84.9 
2004	5	77.4 
2004	6	78.2 
2004	7	89.6 
2004	8	72.0 
2004	9	91.5 
2004	10	73.0 
2004	11	79.6 
2004	12	86.0 
2005	1	84.4 
2005	2	80.0 
2005	3	86.4 
2005	4	91.0 
2005	5	83.3 
2005	6	78.7 
2005	7	95.6 
2005	8	75.8 
2005	9	85.4 
2005	10	75.1 
2005	11	79.3 
2005	12	82.8 
2006	1	90.5 
2006	2	87.0 
2006	3	98.3 
2006	4	84.7 
2006	5	96.0 
2006	6	85.6 
2006	7	95.1 
2006	8	90.9 
2006	9	99.5 
2006	10	90.6 
2006	11	89.5 
2006	12	92.9 
2007	1	102.5 
2007	2	96.2 
2007	3	100.4 
2007	4	98.6 
2007	5	102.5 
2007	6	89.2 
2007	7	89.3 
2007	8	87.9 
2007	9	87.6 
2007	10	91.2 
2007	11	88.6 
2007	12	90.8 
2008	1	96.9 
2008	2	93.7 
2008	3	92.8 
2008	4	99.1 
2008	5	92.2 
2008	6	85.3 
2008	7	87.3 
2008	8	83.7 
2008	9	88.9 
2008	10	88.3 
2008	11	80.3 
2008	12	87.5 
2009	1	89.3 
2009	2	86.3 
2009	3	93.7 
2009	4	93.5 
2009	5	91.1 
2009	6	86.5 
2009	7	83.1 
2009	8	85.3 
2009	9	87.8 
2009	10	85.7 
2009	11	87.5 
2009	12	97.8 
2010	1	92.5 
2010	2	90.7 
2010	3	110.2 
2010	4	102.6 
2010	5	98.2 
2010	6	87.3 
2010	7	86.7 
2010	8	92.6 
2010	9	96.9 
2010	10	86.4 
2010	11	92.9 
2010	12	92.0 
2011	1	90.8 
2011	2	94.4 
2011	3	106.0 
2011	4	107.2 
2011	5	102.8 
2011	6	89.1 
2011	7	83.3 
2011	8	95.0 
2011	9	96.2 
2011	10	92.4 
2011	11	94.6 
2011	12	91.0 
2012	1	103.4 
2012	2	100.6 
2012	3	113.3 
2012	4	105.0 
2012	5	104.0 
2012	6	88.4 
2012	7	89.2 
2012	8	99.2 
2012	9	102.0 
2012	10	97.4 
2012	11	100.1 
2012	12	97.5 
2013	1	103.3 
2013	2	99.7 
2013	3	106.7 
2013	4	102.4 
2013	5	101.5 
2013	6	88.9 
2013	7	92.8 
2013	8	99.1 
2013	9	102.5 
2013	10	103.1 
2013	11	103.3 
2013	12	104.7 
2014	1	108.0 
2014	2	106.0 
2014	3	117.4 
2014	4	113.2 
2014	5	108.0 
2014	6	98.2 
2014	7	97.9 
2014	8	96.0 
2014	9	101.0 
2014	10	98.2 
2014	11	99.6 
2014	12	101.4 
2015	1	101.8 
2015	2	99.1 
2015	3	116.4 
2015	4	108.4 
2015	5	107.5 
2015	6	97.5 
2015	7	96.0 
2015	8	96.6 
2015	9	94.0 
2015	10	96.6 
2015	11	98.0 
2015	12	96.8 
2016	1	105.4 
2016	2	112.3 
2016	3	109.2 
2016	4	114.6 
2016	5	111.1 
2016	6	94.2 
2016	7	94.3 
2016	8	92.8 
2016	9	105.6 
2016	10	101.5 
2016	11	104.8 
2016	12	104.2 
2017	1	104.8 
2017	2	104.7 
2017	3	118.8 
2017	4	116.7 
2017	5	115.9 
2017	6	103.3 
2017	7	98.8 
2017	8	105.6 
2017	9	105.0 
2017	10	105.3 
2017	11	105.6 
2017	12	102.7 
2018	1	109.1 
2018	2	105.3 
2018	3	128.4 
2018	4	119.9 
2018	5	119.8 
2018	6	109.8 
2018	7	105.4 
2018	8	102.8 
2018	9	99.5 
2018	10	104.3 
2018	11	103.0 
2018	12	103.5 
2019	1	109.6 
2019	2	110.0 
2019	3	122.2 
2019	4	114.2 
2019	5	116.4 
2019	6	100.1 
2019	7	103.4 
2019	8	106.9 
