 1991 	1	 19.5 
 1991 	2	 19.1 
 1991 	3	 18.9 
 1991 	4	 13.5 
 1991 	5	 13.5 
 1991 	6	 13.4 
 1991 	7	 17.9 
 1991 	8	 17.8 
 1991 	9	 17.7 
 1991 	10	 19.5 
 1991 	11	 19.4 
 1991 	12	 19.9 
 1992 	1	 17.2 
 1992 	2	 17.1 
 1992 	3	 17.3 
 1992 	4	 13.7 
 1992 	5	 14.2 
 1992 	6	 14.7 
 1992 	7	 19.0 
 1992 	8	 19.7 
 1992 	9	 20.6 
 1992 	10	 23.8 
 1992 	11	 24.0 
 1992 	12	 23.5 
 1993 	1	 17.7 
 1993 	2	 17.5 
 1993 	3	 17.8 
 1993 	4	 16.6 
 1993 	5	 17.4 
 1993 	6	 18.1 
 1993 	7	 21.4 
 1993 	8	 22.1 
 1993 	9	 22.8 
 1993 	10	 24.6 
 1993 	11	 24.8 
 1993 	12	 24.9 
 1994 	1	 20.7 
 1994 	2	 20.8 
 1994 	3	 21.0 
 1994 	4	 19.3 
 1994 	5	 19.7 
 1994 	6	 20.1 
 1994 	7	 22.7 
 1994 	8	 23.1 
 1994 	9	 23.4 
 1994 	10	 24.8 
 1994 	11	 25.1 
 1994 	12	 25.0 
 1995 	1	 22.1 
 1995 	2	 22.2 
 1995 	3	 22.6 
 1995 	4	 21.5 
 1995 	5	 21.9 
 1995 	6	 22.3 
 1995 	7	 24.2 
 1995 	8	 24.6 
 1995 	9	 24.9 
 1995 	10	 25.7 
 1995 	11	 26.0 
 1995 	12	 26.7 
 1996 	1	 24.4 
 1996 	2	 25.0 
 1996 	3	 25.5 
 1996 	4	 24.6 
 1996 	5	 24.8 
 1996 	6	 24.9 
 1996 	7	 26.1 
 1996 	8	 26.0 
 1996 	9	 25.7 
 1996 	10	 25.3 
 1996 	11	 25.1 
 1996 	12	 24.9 
 1997 	1	 27.9 
 1997 	2	 28.0 
 1997 	3	 27.8 
 1997 	4	 25.2 
 1997 	5	 25.0 
 1997 	6	 24.8 
 1997 	7	 26.3 
 1997 	8	 26.2 
 1997 	9	 26.5 
 1997 	10	 27.7 
 1997 	11	 27.7 
 1997 	12	 27.7 
 1998 	1	 26.4 
 1998 	2	 26.5 
 1998 	3	 26.8 
 1998 	4	 25.6 
 1998 	5	 26.0 
 1998 	6	 26.4 
 1998 	7	 28.1 
 1998 	8	 28.3 
 1998 	9	 28.8 
 1998 	10	 29.6 
 1998 	11	 29.9 
 1998 	12	 30.4 
 1999 	1	 29.2 
 1999 	2	 29.7 
 1999 	3	 30.3 
 1999 	4	 29.0 
 1999 	5	 29.3 
 1999 	6	 29.6 
 1999 	7	 31.6 
 1999 	8	 32.1 
 1999 	9	 32.7 
 1999 	10	 33.7 
 1999 	11	 34.4 
 1999 	12	 35.1 
 2000 	1	 36.6 
 2000 	2	 33.6 
 2000 	3	 38.3 
 2000 	4	 33.2 
 2000 	5	 35.3 
 2000 	6	 34.7 
 2000 	7	 38.6 
 2000 	8	 36.9 
 2000 	9	 35.9 
 2000 	10	 39.4 
 2000 	11	 37.7 
 2000 	12	 37.4 
 2001 	1	 42.1 
 2001 	2	 38.6 
 2001 	3	 43.9 
 2001 	4	 38.0 
 2001 	5	 40.3 
 2001 	6	 39.5 
 2001 	7	 43.9 
 2001 	8	 41.8 
 2001 	9	 40.5 
 2001 	10	 44.3 
 2001 	11	 42.2 
 2001 	12	 41.6 
 2002 	1	 45.0 
 2002 	2	 40.5 
 2002 	3	 47.1 
 2002 	4	 47.6 
 2002 	5	 45.8 
 2002 	6	 43.4 
 2002 	7	 50.6 
 2002 	8	 43.6 
 2002 	9	 45.5 
 2002 	10	 42.0 
 2002 	11	 44.4 
 2002 	12	 49.9 
 2003 	1	 46.6 
 2003 	2	 41.2 
 2003 	3	 49.1 
 2003 	4	 46.3 
 2003 	5	 46.5 
 2003 	6	 47.0 
 2003 	7	 53.7 
 2003 	8	 46.5 
 2003 	9	 48.2 
 2003 	10	 57.3 
 2003 	11	 57.4 
 2003 	12	 49.9 
 2004 	1	 48.7 
 2004 	2	 42.9 
 2004 	3	 50.9 
 2004 	4	 48.0 
 2004 	5	 48.1 
 2004 	6	 48.6 
 2004 	7	 55.8 
 2004 	8	 48.4 
 2004 	9	 50.5 
 2004 	10	 60.3 
 2004 	11	 60.8 
 2004 	12	 53.3 
 2005 	1	 49.1 
 2005 	2	 44.7 
 2005 	3	 55.2 
 2005 	4	 50.2 
 2005 	5	 51.7 
 2005 	6	 52.6 
 2005 	7	 60.0 
 2005 	8	 51.8 
 2005 	9	 55.4 
 2005 	10	 69.4 
 2005 	11	 65.3 
 2005 	12	 57.4 
 2006 	1	 56.9 
 2006 	2	 49.8 
 2006 	3	 61.5 
 2006 	4	 53.6 
 2006 	5	 59.7 
 2006 	6	 61.0 
 2006 	7	 65.1 
 2006 	8	 59.1 
 2006 	9	 60.0 
 2006 	10	 80.3 
 2006 	11	 74.9 
 2006 	12	 62.5 
 2007 	1	 67.8 
 2007 	2	 61.3 
 2007 	3	 75.6 
 2007 	4	 65.2 
 2007 	5	 71.6 
 2007 	6	 70.9 
 2007 	7	 78.9 
 2007 	8	 72.4 
 2007 	9	 72.2 
 2007 	10	 94.9 
 2007 	11	 89.5 
 2007 	12	 78.8 
 2008 	1	 82.3 
 2008 	2	 75.9 
 2008 	3	 86.8 
 2008 	4	 79.9 
 2008 	5	 83.2 
 2008 	6	 83.8 
 2008 	7	 93.8 
 2008 	8	 82.9 
 2008 	9	 83.7 
 2008 	10	 111.5 
 2008 	11	 96.7 
 2008 	12	 92.2 
 2009 	1	 86.2 
 2009 	2	 76.0 
 2009 	3	 89.5 
 2009 	4	 82.5 
 2009 	5	 85.7 
 2009 	6	 89.2 
 2009 	7	 96.0 
 2009 	8	 86.4 
 2009 	9	 86.5 
 2009 	10	 111.0 
 2009 	11	 102.5 
 2009 	12	 91.0 
 2010 	1	 85.9 
 2010 	2	 76.4 
 2010 	3	 96.7 
 2010 	4	 81.4 
 2010 	5	 86.2 
 2010 	6	 86.0 
 2010 	7	 94.9 
 2010 	8	 87.9 
 2010 	9	 86.1 
 2010 	10	 110.0 
 2010 	11	 108.0 
 2010 	12	 89.7 
 2011 	1	 90.6 
 2011 	2	 79.2 
 2011 	3	 96.9 
 2011 	4	 82.8 
 2011 	5	 89.4 
 2011 	6	 87.1 
 2011 	7	 98.4 
 2011 	8	 90.1 
 2011 	9	 90.1 
 2011 	10	 115.7 
 2011 	11	 108.1 
 2011 	12	 95.0 
 2012 	1	 96.2 
 2012 	2	 85.8 
 2012 	3	 102.5 
 2012 	4	 87.5 
 2012 	5	 95.5 
 2012 	6	 94.0 
 2012 	7	 106.3 
 2012 	8	 96.5 
 2012 	9	 92.4 
 2012 	10	 120.7 
 2012 	11	 110.7 
 2012 	12	 111.9 
 2013 	1	 105.0 
 2013 	2	 90.5 
 2013 	3	 109.5 
 2013 	4	 95.4 
 2013 	5	 101.8 
 2013 	6	 99.1 
 2013 	7	 114.9 
 2013 	8	 104.5 
 2013 	9	 102.6 
 2013 	10	 133.1 
 2013 	11	 125.9 
 2013 	12	 132.2 
 2014 	1	 112.6 
 2014 	2	 101.0 
 2014 	3	 122.2 
 2014 	4	 103.7 
 2014 	5	 113.4 
 2014 	6	 111.0 
 2014 	7	 124.4 
 2014 	8	 113.0 
 2014 	9	 109.9 
 2014 	10	 140.6 
 2014 	11	 134.2 
 2014 	12	 132.3 
 2015 	1	 117.8 
 2015 	2	 105.4 
 2015 	3	 128.1 
 2015 	4	 109.0 
 2015 	5	 120.7 
 2015 	6	 122.3 
 2015 	7	 139.9 
 2015 	8	 126.0 
 2015 	9	 121.6 
 2015 	10	 155.7 
 2015 	11	 149.1 
 2015 	12	 143.9 
 2016 	1	 133.2 
 2016 	2	 123.3 
 2016 	3	 146.6 
 2016 	4	 129.0 
 2016 	5	 137.0 
 2016 	6	 138.3 
 2016 	7	 153.7 
 2016 	8	 143.3 
 2016 	9	 135.6 
 2016 	10	 170.8 
 2016 	11	 164.8 
 2016 	12	 155.1 
 2017 	1	 146.8 
 2017 	2	 130.4 
 2017 	3	 158.4 
 2017 	4	 135.1 
 2017 	5	 151.6 
 2017 	6	 150.3 
 2017 	7	 165.1 
 2017 	8	 150.1 
 2017 	9	 140.8 
 2017 	10	 184.0 
 2017 	11	 175.0 
 2017 	12	 170.7 
 2018 	1	 149.9 
 2018 	2	 134.4 
 2018 	3	 163.2 
 2018 	4	 139.4 
 2018 	5	 156.2 
 2018 	6	 155.6 
 2018 	7	 171.4 
 2018 	8	 156.0 
 2018 	9	 148.2 
 2018 	10	 196.5 
 2018 	11	 183.3 
 2018 	12	 182.0 
 2019 	1	 159.0 
 2019 	2	 141.6 
 2019 	3	 171.5 
 2019 	4	 142.6 
 2019 	5	 159.6 
 2019 	6	 157.5 
 2019 	7	 177.0 
 2019 	8	 162.1 
