1993	1	139.164128
1993	2	115.564368
1993	3	141.23229
1993	4	144.255286
1993	5	135.891318
1993	6	195.982547
1993	7	152.007675
1993	8	163.086071
1993	9	191.459737
1993	10	221.209004
1993	11	192.826638
1993	12	147.443063
1994	1	200.318123
1994	2	160.42302
1994	3	218.656667
1994	4	196.033251
1994	5	212.509848
1994	6	208.45196
1994	7	141.148031
1994	8	156.635832
1994	9	146.588734
1994	10	142.665553
1994	11	129.188314
1994	12	216.064451
1995	1	209.113749
1995	2	222.069129
1995	3	242.760128
1995	4	246.004433
1995	5	270.732999
1995	6	264.166268
1995	7	140.445739
1995	8	175.557137
1995	9	152.606573
1995	10	239.787522
1995	11	182.129889
1995	12	153.643841
1996	1	202.164226
1996	2	197.639844
1996	3	264.797753
1996	4	267.235507
1996	5	256.69344
1996	6	305.608689
1996	7	271.098433
1996	8	281.718058
1996	9	305.953424
1996	10	287.219668
1996	11	202.697839
1996	12	283.626142
1997	1	214.090002
1997	2	200.025361
1997	3	328.274931
1997	4	255.766345
1997	5	187.875294
1997	6	233.38337
1997	7	214.725696
1997	8	183.729294
1997	9	221.404985
1997	10	237.904982
1997	11	270.402414
1997	12	221.126712
1998	1	334.324893
1998	2	133.787898
1998	3	156.850604
1998	4	203.254671
1998	5	142.504383
1998	6	168.856342
1998	7	141.914075
1998	8	166.10691
1998	9	162.487862
1998	10	237.007506
1998	11	267.124574
1998	12	332.821488
1999	1	328.459144
1999	2	289.283414
1999	3	475.062333
1999	4	258.262395
1999	5	267.572509
1999	6	321.627125
1999	7	266.612732
1999	8	209.638322
1999	9	218.503972
1999	10	279.241574
1999	11	224.492575
1999	12	229.23558
2000	1	228.314258
2000	2	281.464847
2000	3	303.067627
2000	4	299.228485
2000	5	279.899162
2000	6	282.837563
2000	7	299.599498
2000	8	217.095471
2000	9	267.713068
2000	10	316.712652
2000	11	296.370489
2000	12	287.437224
2001	1	286.916727
2001	2	260.152065
2001	3	295.336352
2001	4	276.311512
2001	5	333.615244
2001	6	277.949994
2001	7	280.028499
2001	8	309.513776
2001	9	300.132771
2001	10	294.16108
2001	11	262.613682
2001	12	239.729781
2002	1	221.914344
2002	2	240.237725
2002	3	228.819582
2002	4	277.622561
2002	5	314.690156
2002	6	277.010013
2002	7	233.377463
2002	8	301.587503
2002	9	311.151649
2002	10	281.88651
2002	11	291.166138
2002	12	344.517694
2003	1	295.733394
2003	2	302.794799
2003	3	307.243801
2003	4	281.543287
2003	5	360.395334
2003	6	342.415313
2003	7	259.889938
2003	8	247.972694
2003	9	257.979561
2003	10	344.275493
2003	11	292.421195
2003	12	261.329062
2004	1	193.405011
2004	2	218.471293
2004	3	313.335746
2004	4	267.22206
2004	5	305.501451
2004	6	341.59051
2004	7	289.027055
2004	8	371.375008
2004	9	321.359972
2004	10	321.274417
2004	11	207.549101
2004	12	263.332317
2005	1	285.196932
2005	2	321.37322
2005	3	357.414519
2005	4	360.60799
2005	5	380.649853
2005	6	359.11106
2005	7	315.843882
2005	8	419.72846
2005	9	408.570349
2005	10	473.842641
2005	11	461.331321
2005	12	535.641901
2006	1	396.217058
2006	2	479.051191
2006	3	461.555562
2006	4	482.848109
2006	5	532.517519
2006	6	682.972594
2006	7	594.069894
2006	8	500.992296
2006	9	616.928657
2006	10	534.370712
2006	11	548.088226
2006	12	495.292186
2007	1	495.305359
2007	2	599.161147
2007	3	805.822305
2007	4	610.039875
2007	5	699.459672
2007	6	799.099312
2007	7	759.398939
2007	8	938.454288
2007	9	964.197166
2007	10	1012.567181
2007	11	851.912583
2007	12	881.456825
2008	1	791.08689
2008	2	886.464381
2008	3	949.586497
2008	4	928.272297
2008	5	1048.883105
2008	6	937.418098
2008	7	1113.133194
2008	8	967.46962
2008	9	828.492234
2008	10	1033.647488
2008	11	803.310959
2008	12	708.98937
2009	1	382.47434
2009	2	505.543641
2009	3	553.268389
2009	4	476.976004
2009	5	541.255371
2009	6	602.402325
2009	7	583.028955
2009	8	699.552157
2009	9	684.646986
2009	10	782.544131
2009	11	757.663026
2009	12	891.934198
2010	1	721.155425
2010	2	752.095967
2010	3	1083.282969
2010	4	890.331318
2010	5	934.223181
2010	6	1081.347009
2010	7	960.499729
2010	8	1207.481203
2010	9	1016.112282
2010	10	1200.125569
2010	11	1109.113426
2010	12	1256.500595
2011	1	1000.959105
2011	2	1160.864071
2011	3	1532.616918
2011	4	1350.452709
2011	5	1364.178653
2011	6	1459.290961
2011	7	1480.19215
2011	8	1561.717424
2011	9	1709.081947
2011	10	1685.808882
2011	11	1667.526939
2011	12	1526.005998
2012	1	1293.533036
2012	2	1576.715593
2012	3	1877.389839
2012	4	1613.272597
2012	5	1473.629111
2012	6	1703.509364
2012	7	1448.916162
2012	8	1552.440186
2012	9	1548.73508
2012	10	1549.327823
2012	11	1523.537613
2012	12	1325.485934
2013	1	1102.605622
2013	2	1398.358114
2013	3	1662.158161
2013	4	1458.742333
2013	5	1376.325513
2013	6	1571.605835
2013	7	1489.656715
2013	8	1603.994556
2013	9	1474.47716
2013	10	1235.940441
2013	11	1403.201502
2013	12	1185.572066
2014	1	1091.504187
2014	2	1324.862894
2014	3	1513.223004
2014	4	1522.263443
2014	5	1581.602915
2014	6	1472.997007
2014	7	1229.850611
2014	8	1602.621152
2014	9	1571.322782
2014	10	1689.076083
2014	11	1527.266293
2014	12	1452.8814
2015	1	1185.376978
2015	2	1516.505791
2015	3	1771.613184
2015	4	1543.055551
2015	5	1484.598673
2015	6	1491.544531
2015	7	1425.500816
2015	8	1304.099895
2015	9	1286.259985
2015	10	1395.373636
2015	11	1260.379942
2015	12	1268.275726
2016	1	966.938736
2016	2	1311.12409
2016	3	1356.91209
2016	4	1234.528246
2016	5	1389.73745
2016	6	1501.436421
2016	7	1338.881105
2016	8	1435.982707
2016	9	1254.029629
2016	10	1288.665787
2016	11	1838.966666
2016	12	1580.845538
2017	1	1170.74327
2017	2	1419.929211
